label,lum,err
525,469.339,1.1075
550,493.501,1.17935
575,493.71,1.23988
600,557.452,1.38228
625,411.009,1.2255
650,462.916,1.354
675,560.153,1.55173
700,532.343,1.56908
725,439.312,1.47108
750,556.852,1.72464
775,512.087,1.70318
800,449.786,1.64268
825,462.699,1.72182
850,494.236,1.83661
875,542.353,1.99706
900,449.157,1.85264
925,435.365,1.87933
950,498.58,2.07553
962.5,590.841,2.30894
975,451.026,2.02071
987.5,506.605,2.18062
1000,478.093,2.14453
537.5,554.231,1.22073
562.5,549.094,1.27306
587.5,522.721,1.29816
612.5,536.375,1.37357
637.5,458.156,1.31867
662.5,530.893,1.48056
687.5,179.974,0.87899
787.5,530.109,1.77043
762.5,539.54,1.72555
737.5,515.926,1.62784
712.5,539.235,1.60950
837.5,572.151,1.96196
812.5,517.806,1.80292
837.5,572.151,1.96196
862.5,530.712,1.94405
887.5,560.637,2.06389
912.5,513.824,2.02915
935,671.032,2.40272
945,527.111,2.13367