label,lum,err
641,3097.96,3.34197
650,876.635,1.80594
675,1225.14,2.21501
700,876.658,1.93961
725,1114.22,2.26625
750,1107.58,2.3359
775,970.862,2.26047
800,1241.54,2.63488
825,1381.86,2.86742
840,635.647,1.98396
850,942.086,2.43979
860,922.378,2.43867
870,941.906,2.49333
880,1032.09,2.63732
890,1125.64,2.77893
900,950.007,2.5802
910,1131.02,2.85826
920,1357.35,3.15729
930,1543.38,3.40345
936,1048.64,2.82757
937.4,1895.78,3.7854
937.5,1093.39,2.86646
938.3,2534.81,4.41245
938.9,2067.97,3.98069
939.6,2028.13,3.94605
940.2,108.97,0.908711
940.2,1909.53,3.82901
940.8,1875.84,3.78412
942,1332.97,3.21027
950,1172.72,3.0334
960,1350.78,3.28234
971,1775.7,3.81485
981,1322.97,3.31886
990,1246.8,3.25325
1003.5,3788.26,5.74734
