520.00
524.45
528.90
533.35
537.80
542.25
546.70
551.15
555.60
560.05
564.50
568.94
573.39
577.84
582.29
586.74
591.19
595.64
600.09
604.54
608.99
613.44
617.89
622.34
626.79
631.24
635.69
640.14
644.59
649.04
653.49
657.94
662.39
666.83
671.28
675.73
680.18
684.63
689.08
693.53
697.98
702.43
706.88
711.33
715.78
720.23
724.68
729.13
733.58
738.03
742.48
746.93
751.38
755.83
760.28
764.72
769.17
773.62
778.07
782.52
786.97
791.42
795.87
800.32
804.77
809.22
813.67
818.12
822.57
827.02
831.47
835.92
840.37
844.82
849.27
853.72
858.17
862.61
867.06
871.51
875.96
880.41
884.86
889.31
893.76
898.21
902.66
907.11
911.56
916.01
920.46
924.91
929.36
933.81
938.26
942.71
947.16
951.61
956.06
960.50
964.95
969.40
973.85
978.30
982.75
987.20
991.65
996.10
1000.55
1005.00