label,lum,err
550.1,496.833,1.14065
550,1424.27,1.9392
537.5,1224.66,1.75856
562.5,1048.68,1.7044
575,1054.35,1.74597
587.5,1167.38,1.87792
600,1161.83,1.90969
612.5,1059.04,1.86299
625,1091.9,1.92848
637.5,1021.19,1.90042
650,954.102,1.87173
662.5,1109.24,2.05438
675,1139.35,2.12232
687.5,1147.48,2.16768
700,1007.51,2.06867
712.5,1010.5,2.10857
725,1333.8,2.46544
737.5,954.895,2.12209
750,1045.6,2.25674
762,1367.32,2.61596
775,989.271,2.26543
787.5,1260.24,2.59773
800,1432.31,2.81015
812.5,1890.39,3.28289
825,1503.73,2.97409
837.5,1067.52,2.54467
850,1009.59,2.5068
862.5,1040.17,2.57813
875,1019.52,2.59089
887.5,984.871,2.5778
900,1060.93,2.71622
912.5,1023.07,2.71093
925,1056.93,2.79567
936,1902.53,3.78018
950,1962.57,3.89619
962.5,2004.7,3.9961
978,451.273,1.92426
975,3972.32,5.68205
987.5,2272.43,4.3567
955,1254.61,3.14302
951.1,2134.05,4.07993
945,2303.93,4.20849
641,6291.37,4.74255
612.6,1179.14,1.96537
